Gl W Time	Obj			LB
2  1 0.5s					284.665
2  1 3.6m	324.2317
2  1 7,5m	320.7571
2  1 12.8	298.2808
2  1 37.6	295.7871
2  1 136m	294.254
2  1 152m	292.31		292.31
3  2 1.6s					189.77666667
3  2 4.4m	189.7767
4  2 1.9s					142.3325
4  2 2m		142.3325
5  3 2.6s					113.866
5  3 4.m		113.866
6  3 3.6s					94.888333333
6  3 3.9m	94.88833
7  4 5s						81.332857143
7  4 4.3m	81.33286
8  4 3.7s					71.16625
8  4 6.8m	71.16625
9  5 6s						63.258888889
9  5 20.9m	63.25889
10 6 9.3s					56.933
10 6 20.1m	56.933
11 6 8s						51.757272727
11 6 23.2	51.75728
12 7 14.4s					47.444166667
12 7 23.1	47.44417
13 7 10.8s					43.794615385
13 7 14.8	43.794615385