N  X			Y
0  0,816		5,809
1  0			3,162
2  1,047		1,347
3  2,386		3,268
4  3,789		3,044
5  6,262		0
6  5,859		3,162
7  7,777		2,820
8  9,834		3,332
9  9,399		0,984
10 8,762		3,770
11 10,714	4,442
12 11,086	3,642
13 10,587	2,916

1	SEATTLE, WA
2	PALO ALTO, CA 
3	SAN DIEGO, CA
4	SALT LAKE CITY, UT
5	BOULDER, CO
6	HOUSTON , TX
7	LINCOLN, NE
8	CHAMPAIGN, IL
9	PITTSBURGH, PA
10	ATLANTA, GA
11	ANN ARBOR, MI
12	ITHACA, NY
13	PRINCETON, NJ
14	COLLEGE PARK, GA

param C 
:		1	2	3	4	5	6	7	8	9	10	11	12	13	14	:=
1		0	7	10	7	10	19	13	16	21	21	19	22	24	22
2		7	0	4	5	9	16	14	18	22	21	20	24	25	21
3		10	4	0	6	8	12	13	17	21	19	19	23	24	19
4		7	5	6	0	4	12	8	12	17	16	13	18	19	16
5		10	9	8	4	0	8	4	9	13	12	11	15	16	12
6		19	16	12	12	8	0	8	8	11	7	11	14	14	12
7		13	14	13	8	4	8	0	5	9	8	7	10	11	8
8		16	18	17	12	9	8	5	0	5	5	3	6	7	5
9		21	22	21	17	13	11	9	5	0	5	2	2	2	5
10		21	21	19	16	12	7	8	5	5	0	6	7	7	6
11		19	20	19	13	11	11	7	3	2	6	0	4	5	6
12		22	24	23	18	15	14	10	6	2	7	4	0	2	5
13		24	25	24	19	16	14	11	7	2	7	5	2	0	1
14		22	21	19	16	12	12	8	5	5	6	6	5	1	0
;