SR T Gl W HmDs	HmUBp	HmaxUB  	TrDs	TrUBp	TrUB    	TIFgap	LimCIPF	Time	STATUS
bk 5 2  1 0.500	1.446	6433.653	0.500	1.267	18088.045	0.400	103.377	0.030	infeasible
c1 5 1  1 1.500	1.054	5862.493	1.500	1.966	16654.977	0.400	60.615	0.030	infeasible
c1 5 2  1 0.000	1.159	3223.783	0.500	2.136	5774.066	0.400	60.615	0.020	infeasible
c2 6 1  1 1.000	1.106	6558.155	1.500	1.903	24600.860	0.400	69.328	13.290	infeasible
c2 6 2  1 0.000	1.133	3358.841	1.500	1.809	7092.237	0.400	69.328	1.110	infeasible
c2 6 3  1 0.500	1.013	2001.908	1.000	1.932	4568.512	0.400	69.328	0.060	infeasible
c3 7 1  1 2.000	1.072	7783.777	2.000	1.822	35385.692	0.400	74.755	54.940	infeasible
c3 7 2  1 0.000	1.088	3949.695	2.000	1.819	9624.524	0.400	74.755	0.090	infeasible
c3 7 3  1 0.000	1.143	2767.545	1.000	1.868	6871.539	0.400	74.755	0.080	infeasible
c4 8 2  1 0.000	1.075	4379.452	1.500	1.967	15137.350	0.400	80.843	173.290	infeasible
c4 8 3  1 0.000	1.130	3071.084	1.000	2.008	9980.912	0.400	80.843	4.610	infeasible
c4 8 4  1 0.500	1.009	2055.788	1.000	2.036	7194.005	0.400	80.843	0.090	infeasible
c5 4 1  1 1.500	1.026	4306.031	1.000	1.918	8555.209	0.400	51.954	0.000	infeasible
c5 4 2  1 0.500	1.122	2353.078	0.500	2.079	2990.502	0.400	51.954	0.020	infeasible
c1 5 1  2 1.500	1.054	5862.493	1.500	1.966	16654.977	0.400	60.615	6.000	infeasible
c1 5 2  2 0.000	1.159	3223.783	0.500	2.136	5774.066	0.400	60.615	2.470	infeasible
c2 6 2  2 0.000	1.133	3358.841	1.500	1.809	7092.237	0.400	69.328	40.000	infeasible
c2 6 3  2 0.500	1.013	2001.908	1.000	1.932	4568.512	0.400	69.328	20.010	infeasible
c3 7 1  2 2.000	1.072	7783.777	2.000	1.822	35385.692	0.400	74.755	2361.180	infeasible
c3 7 2  2 0.000	1.088	3949.695	2.000	1.819	9624.524	0.400	74.755	322.960	infeasible
c3 7 3  2 0.000	1.143	2767.545	1.000	1.868	6871.539	0.400	74.755	54.900	infeasible
c4 8 4  2 0.500	1.009	2055.788	1.000	2.036	7194.005	0.400	80.843	10000.030	time_out
c5 4 1  2 1.500	1.026	4306.031	1.000	1.918	8555.209	0.400	51.954	0.020	infeasible
c5 4 2  2 0.500	1.122	2353.078	0.500	2.079	2990.502	0.400	51.954	0.020	infeasible
c1 5 1  3 1.500	1.054	5862.493	1.500	1.966	16654.977	0.400	60.615	10.440	infeasible
c1 5 2  3 0.000	1.159	3223.783	0.500	2.136	5774.066	0.400	60.615	5.890	infeasible
c2 6 3  3 0.500	1.013	2001.908	1.000	1.932	4568.512	0.400	69.328	290.730	infeasible
c3 7 1  3 2.000	1.072	7783.777	2.000	1.822	35385.692	0.400	74.755	10000.030	time_out
c3 7 2  3 0.000	1.088	3949.695	2.000	1.819	9624.524	0.400	74.755	10000.020	time_out
c3 7 3  3 0.000	1.143	2767.545	1.000	1.868	6871.539	0.400	74.755	348.300	infeasible
c5 4 1  3 1.500	1.026	4306.031	1.000	1.918	8555.209	0.400	51.954	0.030	infeasible
c5 4 2  3 0.500	1.122	2353.078	0.500	2.079	2990.502	0.400	51.954	0.030	infeasible
c1 5 1  4 1.500	1.054	5862.493	1.500	1.966	16654.977	0.400	60.615	16.720	infeasible
c1 5 2  4 0.000	1.159	3223.783	0.500	2.136	5774.066	0.400	60.615	8.340	infeasible
c3 7 1  4 2.000	1.072	7783.777	2.000	1.822	35385.692	0.400	74.755	10000.030	time_out
c3 7 2  4 0.000	1.088	3949.695	2.000	1.819	9624.524	0.400	74.755	1097.710	infeasible
c3 7 3  4 0.000	1.143	2767.545	1.000	1.868	6871.539	0.400	74.755	5669.200	infeasible
c5 4 1  4 1.500	1.026	4306.031	1.000	1.918	8555.209	0.400	51.954	0.030	infeasible
c5 4 2  4 0.500	1.122	2353.078	0.500	2.079	2990.502	0.400	51.954	0.030	infeasible
c1 5 1  5 1.500	1.054	5862.493	1.500	1.966	16654.977	0.400	60.615	27.100	infeasible
c1 5 2  5 0.000	1.159	3223.783	0.500	2.136	5774.066	0.400	60.615	7.500	infeasible
c3 7 1  5 2.000	1.072	7783.777	2.000	1.822	35385.692	0.400	74.755	363.460	infeasible
c3 7 2  5 0.000	1.088	3949.695	2.000	1.819	9624.524	0.400	74.755	2635.260	infeasible
c3 7 3  5 0.000	1.143	2767.545	1.000	1.868	6871.539	0.400	74.755	8461.900	infeasible
c5 4 1  5 1.500	1.026	4306.031	1.000	1.918	8555.209	0.400	51.954	0.050	infeasible
c5 4 2  5 0.500	1.122	2353.078	0.500	2.079	2990.502	0.400	51.954	0.040	infeasible
c1 5 1  1 1.500	1.054	5862.493	1.500	1.966	16654.977	0.300	70.718	1.620	infeasible
c1 5 2  1 0.000	1.159	3223.783	0.500	2.136	5774.066	0.300	70.718	0.020	infeasible
c3 7 1  1 2.000	1.072	7783.777	2.000	1.822	35385.692	0.300	87.214	439.850	infeasible
c3 7 2  1 0.000	1.088	3949.695	2.000	1.819	9624.524	0.300	87.214	0.780	infeasible
c3 7 3  1 0.000	1.143	2767.545	1.000	1.868	6871.539	0.300	87.214	0.080	infeasible
c5 4 1  1 1.500	1.026	4306.031	1.000	1.918	8555.209	0.300	60.613	0.010	infeasible
c5 4 2  1 0.500	1.122	2353.078	0.500	2.079	2990.502	0.300	60.613	0.010	infeasible
c1 5 1  2 1.500	1.054	5862.493	1.500	1.966	16654.977	0.300	70.718	21.050	infeasible
c1 5 2  2 0.000	1.159	3223.783	0.500	2.136	5774.066	0.300	70.718	5.960	infeasible
c3 7 1  2 2.000	1.072	7783.777	2.000	1.822	35385.692	0.300	87.214	10000.030	time_out
c3 7 2  2 0.000	1.088	3949.695	2.000	1.819	9624.524	0.300	87.214	10000.010	time_out
c3 7 3  2 0.000	1.143	2767.545	1.000	1.868	6871.539	0.300	87.214	192.820	infeasible
c5 4 1  2 1.500	1.026	4306.031	1.000	1.918	8555.209	0.300	60.613	0.130	infeasible
c5 4 2  2 0.500	1.122	2353.078	0.500	2.079	2990.502	0.300	60.613	0.030	infeasible
c1 5 1  3 1.500	1.054	5862.493	1.500	1.966	16654.977	0.300	70.718	21.830	infeasible
c1 5 2  3 0.000	1.159	3223.783	0.500	2.136	5774.066	0.300	70.718	14.420	infeasible
c3 7 1  3 2.000	1.072	7783.777	2.000	1.822	35385.692	0.300	87.214	10000.020	time_out
c5 4 1  3 1.500	1.026	4306.031	1.000	1.918	8555.209	0.300	60.613	2.460	infeasible
c5 4 2  3 0.500	1.122	2353.078	0.500	2.079	2990.502	0.300	60.613	1.270	infeasible
c1 5 1  4 1.500	1.054	5862.493	1.500	1.966	16654.977	0.300	70.718	304.830	infeasible
c1 5 2  4 0.000	1.159	3223.783	0.500	2.136	5774.066	0.300	70.718	15.250	infeasible
c3 7 1  4 2.000	1.072	7783.777	2.000	1.822	35385.692	0.300	87.214	10000.030	time_out
c5 4 1  4 1.500	1.026	4306.031	1.000	1.918	8555.209	0.300	60.613	3.240	infeasible
c5 4 2  4 0.500	1.122	2353.078	0.500	2.079	2990.502	0.300	60.613	1.800	infeasible
c1 5 1  5 1.500	1.054	5862.493	1.500	1.966	16654.977	0.300	70.718	74.980	infeasible
c1 5 2  5 0.000	1.159	3223.783	0.500	2.136	5774.066	0.300	70.718	24.420	infeasible
c3 7 1  5 2.000	1.072	7783.777	2.000	1.822	35385.692	0.300	87.214	10000.030	time_out
c5 4 1  5 1.500	1.026	4306.031	1.000	1.918	8555.209	0.300	60.613	3.070	infeasible
c5 4 2  5 0.500	1.122	2353.078	0.500	2.079	2990.502	0.300	60.613	2.760	infeasible
c1 5 1  1 1.500	1.054	5862.493	1.500	1.966	16654.977	0.200	80.820	4.890	infeasible
c1 5 2  1 0.000	1.159	3223.783	0.500	2.136	5774.066	0.200	80.820	0.090	infeasible
c3 7 1  1 2.000	1.072	7783.777	2.000	1.822	35385.692	0.200	99.673	3270.520	infeasible
c5 4 2  1 0.500	1.122	2353.078	0.500	2.079	2990.502	0.200	69.272	0.030	infeasible
c1 5 1  2 1.500	1.054	5862.493	1.500	1.966	16654.977	0.200	80.820	56.080	infeasible
c3 7 1  2 2.000	1.072	7783.777	2.000	1.822	35385.692	0.200	99.673	10000.010	time_out
c1 5 1  3 1.500	1.054	5862.493	1.500	1.966	16654.977	0.200	80.820	10000.010	time_out
c3 7 1  3 2.000	1.072	7783.777	2.000	1.822	35385.692	0.200	99.673	10000.030	time_out
c1 5 1  4 1.500	1.054	5862.493	1.500	1.966	16654.977	0.200	80.820	10000.010	time_out
c3 7 1  4 2.000	1.072	7783.777	2.000	1.822	35385.692	0.200	99.673	10000.030	time_out
c1 5 1  5 1.500	1.054	5862.493	1.500	1.966	16654.977	0.200	80.820	10000.020	time_out
c3 7 1  5 2.000	1.072	7783.777	2.000	1.822	35385.692	0.200	99.673	4490.000	SCIPcrash
c1 5 1  1 1.500	1.054	5862.493	1.500	1.966	16654.977	0.100	90.923	7.510	infeasible
c3 7 1  1 2.000	1.072	7783.777	2.000	1.822	35385.692	0.100	112.132	10000.010	time_out
c1 5 1  2 1.500	1.054	5862.493	1.500	1.966	16654.977	0.100	90.923	296.850	infeasible
c3 7 1  2 2.000	1.072	7783.777	2.000	1.822	35385.692	0.100	112.132	10000.020	time_out
c1 5 1  3 1.500	1.054	5862.493	1.500	1.966	16654.977	0.100	90.923	10000.010	time_out
c3 7 1  3 2.000	1.072	7783.777	2.000	1.822	35385.692	0.100	112.132	10000.030	time_out
c1 5 1  4 1.500	1.054	5862.493	1.500	1.966	16654.977	0.100	90.923	46.200	SCIPcrash
c3 7 1  4 2.000	1.072	7783.777	2.000	1.822	35385.692	0.100	112.132	10000.020	time_out
c1 5 1  5 1.500	1.054	5862.493	1.500	1.966	16654.977	0.100	90.923	10000.020	time_out
c3 7 1  5 2.000	1.072	7783.777	2.000	1.822	35385.692	0.100	112.132	7796.000	SCIPcrash
c1 5 1  1 1.500	1.054	5862.493	1.500	1.966	16654.977	0.000	101.025	11.000	infeasible
c3 7 1  1 2.000	1.072	7783.777	2.000	1.822	35385.692	0.000	124.592	10000.010	time_out
c1 5 1  2 1.500	1.054	5862.493	1.500	1.966	16654.977	0.000	101.025	10000.010	time_out
c3 7 1  2 2.000	1.072	7783.777	2.000	1.822	35385.692	0.000	124.592	10000.020	time_out
c1 5 1  3 1.500	1.054	5862.493	1.500	1.966	16654.977	0.000	101.025	10000.010	time_out
c3 7 1  3 2.000	1.072	7783.777	2.000	1.822	35385.692	0.000	124.592	10000.060	time_out
c1 5 1  4 1.500	1.054	5862.493	1.500	1.966	16654.977	0.000	101.025	663.000	SCIPcrash
c3 7 1  4 2.000	1.072	7783.777	2.000	1.822	35385.692	0.000	124.592	10000.030	time_out
c1 5 1  5 1.500	1.054	5862.493	1.500	1.966	16654.977	0.000	101.025	10000.020	time_out
c3 7 1  5 2.000	1.072	7783.777	2.000	1.822	35385.692	0.000	124.592	10000.030	time_out
c1 5 1  1 1.500	1.058	5883.275	1.500	1.987	16834.594	0.400	60.615	0.030	infeasible
c3 7 1  1 2.000	1.079	7836.316	2.000	1.850	35938.473	0.400	74.755	49.400	infeasible
c1 5 1  2 1.500	1.058	5883.275	1.500	1.987	16834.594	0.400	60.615	6.670	infeasible
c3 7 1  2 2.000	1.079	7836.316	2.000	1.850	35938.473	0.400	74.755	2137.900	infeasible
c1 5 1  3 1.500	1.058	5883.275	1.500	1.987	16834.594	0.400	60.615	11.430	infeasible
c3 7 1  3 2.000	1.079	7836.316	2.000	1.850	35938.473	0.400	74.755	10000.020	time_out
c1 5 1  4 1.500	1.058	5883.275	1.500	1.987	16834.594	0.400	60.615	22.450	infeasible
c3 7 1  4 2.000	1.079	7836.316	2.000	1.850	35938.473	0.400	74.755	10000.030	time_out
c1 5 1  5 1.500	1.058	5883.275	1.500	1.987	16834.594	0.400	60.615	30.540	infeasible
c3 7 1  5 2.000	1.079	7836.316	2.000	1.850	35938.473	0.400	74.755	109.320	infeasible
c1 5 1  1 1.500	1.058	5883.275	1.500	1.987	16834.594	0.300	70.718	1.250	infeasible
c1 5 1  2 1.500	1.058	5883.275	1.500	1.987	16834.594	0.300	70.718	13.380	infeasible
c1 5 1  3 1.500	1.058	5883.275	1.500	1.987	16834.594	0.300	70.718	32.160	infeasible
c1 5 1  4 1.500	1.058	5883.275	1.500	1.987	16834.594	0.300	70.718	70.560	infeasible
c1 5 1  5 1.500	1.058	5883.275	1.500	1.987	16834.594	0.300	70.718	82.360	infeasible
c2 6 1  1 1.000	1.120	6636.342	1.500	1.931	24960.654	0.500	57.773	2.630	infeasible
c2 6 2  1 0.000	1.290	3822.214	1.500	2.033	7972.642	0.500	57.773	0.180	infeasible
c2 6 3  1 0.500	1.241	2451.737	1.000	2.212	5231.979	0.500	57.773	0.020	infeasible
c4 8 1  1 2.000	1.109	9040.528	2.500	1.924	51660.776	0.500	67.369	375.820	infeasible
c4 8 2  1 0.000	1.195	4870.217	1.500	2.140	16468.432	0.500	67.369	6.780	infeasible
c4 8 3  1 0.000	1.302	3536.931	1.000	2.189	10882.278	0.500	67.369	0.650	infeasible
c4 8 4  1 0.500	1.180	2405.089	1.000	2.226	7865.792	0.500	67.369	0.150	infeasible
c2 6 1  2 1.000	1.120	6636.342	1.500	1.931	24960.654	0.500	57.773	54.780	infeasible
c2 6 2  2 0.000	1.290	3822.214	1.500	2.033	7972.642	0.500	57.773	12.600	infeasible
c2 6 3  2 0.500	1.241	2451.737	1.000	2.212	5231.979	0.500	57.773	11.050	infeasible
c4 8 1  2 2.000	1.109	9040.528	2.500	1.924	51660.776	0.500	67.369	10000.030	time_out
c4 8 2  2 0.000	1.195	4870.217	1.500	2.140	16468.432	0.500	67.369	751.240	infeasible
c4 8 3  2 0.000	1.302	3536.931	1.000	2.189	10882.278	0.500	67.369	287.550	infeasible
c4 8 4  2 0.500	1.180	2405.089	1.000	2.226	7865.792	0.500	67.369	221.680	infeasible
c2 6 1  3 1.000	1.120	6636.342	1.500	1.931	24960.654	0.500	57.773	95.480	infeasible
c2 6 2  3 0.000	1.290	3822.214	1.500	2.033	7972.642	0.500	57.773	40.680	infeasible
c2 6 3  3 0.500	1.241	2451.737	1.000	2.212	5231.979	0.500	57.773	29.710	infeasible
c4 8 1  3 2.000	1.109	9040.528	2.500	1.924	51660.776	0.500	67.369	10000.050	time_out
c4 8 2  3 0.000	1.195	4870.217	1.500	2.140	16468.432	0.500	67.369	10000.030	time_out
c4 8 3  3 0.000	1.302	3536.931	1.000	2.189	10882.278	0.500	67.369	720.000	SCIPcrash
c4 8 4  3 0.500	1.180	2405.089	1.000	2.226	7865.792	0.500	67.369	521.640	infeasible
c2 6 1  4 1.000	1.120	6636.342	1.500	1.931	24960.654	0.500	57.773	256.060	infeasible
c2 6 2  4 0.000	1.290	3822.214	1.500	2.033	7972.642	0.500	57.773	43.300	infeasible
c2 6 3  4 0.500	1.241	2451.737	1.000	2.212	5231.979	0.500	57.773	49.970	infeasible
c4 8 1  4 2.000	1.109	9040.528	2.500	1.924	51660.776	0.500	67.369	10000.040	time_out
c4 8 2  4 0.000	1.195	4870.217	1.500	2.140	16468.432	0.500	67.369	10000.040	time_out
c4 8 3  4 0.000	1.302	3536.931	1.000	2.189	10882.278	0.500	67.369	988.410	infeasible
c4 8 4  4 0.500	1.180	2405.089	1.000	2.226	7865.792	0.500	67.369	10000.050	time_out
c2 6 1  5 1.000	1.120	6636.342	1.500	1.931	24960.654	0.500	57.773	310.690	infeasible
c2 6 2  5 0.000	1.290	3822.214	1.500	2.033	7972.642	0.500	57.773	78.440	infeasible
c2 6 3  5 0.500	1.241	2451.737	1.000	2.212	5231.979	0.500	57.773	34.260	infeasible
c4 8 1  5 2.000	1.109	9040.528	2.500	1.924	51660.776	0.500	67.369	10000.050	time_out
c4 8 2  5 0.000	1.195	4870.217	1.500	2.140	16468.432	0.500	67.369	401.790	infeasible
c4 8 3  5 0.000	1.302	3536.931	1.000	2.189	10882.278	0.500	67.369	1940.610	infeasible
c4 8 4  5 0.500	1.180	2405.089	1.000	2.226	7865.792	0.500	67.369	1696.470	infeasible
bk 5 2  1 0.500	1.446	6433.653	0.500	1.267	18088.045	0.500	86.147	0.060	infeasible
bk 5 2  1 0.500	1.446	6433.653	0.500	1.267	18088.045	0.600	68.918	0.030	infeasible
bk 5 2  1 0.500	1.446	6433.653	0.500	1.267	18088.045	0.700	51.688	0.010	infeasible
bk 5 1  1 1.000	1.982	17636.357	1.000	1.158	51436.728	0.800	34.459	0.020	infeasible
bk 5 2  1 0.500	1.446	6433.653	0.500	1.267	18088.045	0.800	34.459	0.030	infeasible
bk 5 1  2 1.000	1.982	17636.357	1.000	1.158	51436.728	0.800	34.459	0.070	infeasible
bk 5 2  2 0.500	1.446	6433.653	0.500	1.267	18088.045	0.800	34.459	0.040	infeasible
bk 5 1  3 1.000	1.982	17636.357	1.000	1.158	51436.728	0.800	34.459	0.110	infeasible
bk 5 2  3 0.500	1.446	6433.653	0.500	1.267	18088.045	0.800	34.459	0.150	infeasible
bk 5 1  4 1.000	1.982	17636.357	1.000	1.158	51436.728	0.800	34.459	0.150	infeasible
bk 5 2  4 0.500	1.446	6433.653	0.500	1.267	18088.045	0.800	34.459	0.230	infeasible
bk 5 1  5 1.000	1.982	17636.357	1.000	1.158	51436.728	0.800	34.459	0.220	infeasible
bk 5 2  5 0.500	1.446	6433.653	0.500	1.267	18088.045	0.800	34.459	0.300	infeasible
